frame_id: odom
orientation:
  w: 1.0
  x: 0.0
  y: 0.0
  z: 2.3308501562941932e-40
position:
  x: -6.590510779851216e-25
  y: -1.5361493081274774e-64
  z: 0.0
stamp:
  nanosec: 836868856
  sec: 1776668222
